# M_inicial  M_final  log_T_eff  log_L
1.00000 0.53155 3.58078 3.48847
1.00000 0.53144 3.58198 3.48898
1.00000 0.53133 3.58315 3.48992
1.00000 0.53122 3.58434 3.49074
1.00000 0.53112 3.58557 3.49158
1.00000 0.53102 3.58686 3.49220
1.00000 0.53092 3.58815 3.49310
1.00000 0.53082 3.58947 3.49373
1.00000 0.53073 3.59085 3.49436
1.00000 0.53064 3.59225 3.49496
1.00000 0.53055 3.59365 3.49579
1.00000 0.53046 3.59517 3.49596
1.00000 0.53038 3.59666 3.49674
1.00000 0.53029 3.59841 3.49893
1.00000 0.53021 3.59993 3.49827
1.00000 0.53013 3.60151 3.49844
1.00000 0.53005 3.60326 3.49900
1.00000 0.52998 3.60501 3.49954
1.00000 0.52990 3.60689 3.50008
1.00000 0.52983 3.60892 3.50036
1.00000 0.52976 3.61093 3.50063
1.00000 0.52969 3.61298 3.50121
1.00000 0.52963 3.61499 3.50185
1.00000 0.52956 3.61736 3.50226
1.00000 0.52950 3.61994 3.50272
1.00000 0.52943 3.62240 3.50333
1.00000 0.52937 3.62500 3.50356
1.00000 0.52931 3.62754 3.50414
1.00000 0.52926 3.63024 3.50435
1.00000 0.52920 3.63344 3.50439
1.00000 0.52914 3.63669 3.50498
1.00000 0.52909 3.63991 3.50549
1.00000 0.52904 3.64342 3.50602
1.00000 0.52899 3.64712 3.50649
1.00000 0.52894 3.65084 3.50691
1.00000 0.52889 3.65519 3.50718
1.00000 0.52884 3.65984 3.50707
1.00000 0.52879 3.66456 3.50771
1.00000 0.52875 3.66977 3.50762
1.00000 0.52870 3.67537 3.50805
1.00000 0.52866 3.68181 3.50872
1.00000 0.52862 3.68899 3.50853
1.00000 0.52858 3.69632 3.50897
1.00000 0.52854 3.70519 3.50942
1.00000 0.52850 3.71489 3.50970
1.00000 0.52846 3.72548 3.51008
1.00000 0.52843 3.73790 3.51029
1.00000 0.52839 3.75321 3.51063
1.00000 0.52836 3.77181 3.51022
1.00000 0.52832 3.80119 3.51012
1.00000 0.52829 3.85000 3.51021
1.00000 0.52829 3.86084 3.51028
1.00000 0.52828 3.87169 3.51033
1.00000 0.52828 3.88253 3.51035
1.00000 0.52828 3.89338 3.51036
1.00000 0.52827 3.90422 3.51035
1.00000 0.52827 3.91507 3.51031
1.00000 0.52827 3.92591 3.51032
1.00000 0.52827 3.93676 3.51029
1.00000 0.52826 3.94760 3.51036
1.00000 0.52826 3.95845 3.51038
1.00000 0.52826 3.96929 3.51037
1.00000 0.52826 3.98014 3.51043
1.00000 0.52826 3.99098 3.51042
1.00000 0.52826 4.00183 3.51050
1.00000 0.52826 4.01267 3.51078
1.00000 0.52825 4.02351 3.51022
1.00000 0.52825 4.03436 3.51034
1.00000 0.52825 4.04521 3.51021
1.00000 0.52825 4.05605 3.51024
1.00000 0.52825 4.06689 3.50998
1.00000 0.52825 4.07774 3.51000
1.00000 0.52825 4.08858 3.51011
1.00000 0.52825 4.09943 3.51021
1.00000 0.52825 4.11027 3.51030
1.00000 0.52825 4.12112 3.51040
1.00000 0.52825 4.13196 3.51073
1.00000 0.52824 4.14281 3.51036
1.00000 0.52824 4.15365 3.51046
1.00000 0.52824 4.16450 3.51068
1.00000 0.52824 4.17534 3.51026
1.00000 0.52824 4.18619 3.51035
1.00000 0.52824 4.19703 3.51047
1.00000 0.52824 4.20787 3.51023
1.00000 0.52824 4.21872 3.51027
1.00000 0.52824 4.22957 3.51005
1.00000 0.52824 4.24041 3.51030
1.00000 0.52824 4.25125 3.50982
1.00000 0.52824 4.26210 3.50996
1.00000 0.52823 4.27294 3.50995
1.00000 0.52823 4.28379 3.50984
1.00000 0.52823 4.29463 3.50982
1.00000 0.52823 4.30548 3.50958
1.00000 0.52823 4.31632 3.50977
1.00000 0.52823 4.32717 3.50937
1.00000 0.52823 4.33801 3.50911
1.00000 0.52823 4.34886 3.50876
1.00000 0.52822 4.35970 3.50872
1.00000 0.52822 4.37055 3.50846
1.00000 0.52822 4.38139 3.50849
1.00000 0.52822 4.39224 3.50842
1.00000 0.52822 4.40308 3.50806
1.00000 0.52822 4.41392 3.50786
1.00000 0.52822 4.42477 3.50739
1.00000 0.52822 4.43561 3.50703
1.00000 0.52821 4.44646 3.50685
1.00000 0.52821 4.45730 3.50657
1.00000 0.52821 4.46815 3.50581
1.00000 0.52821 4.47899 3.50577
1.00000 0.52821 4.48984 3.50497
1.00000 0.52821 4.50068 3.50460
1.00000 0.52821 4.51153 3.50396
1.00000 0.52821 4.52237 3.50319
1.00000 0.52820 4.53322 3.50262
1.00000 0.52820 4.54406 3.50217
1.00000 0.52820 4.55491 3.50153
1.00000 0.52820 4.56575 3.50075
1.00000 0.52820 4.57660 3.50004
1.00000 0.52819 4.58744 3.49926
1.00000 0.52819 4.59828 3.49856
1.00000 0.52819 4.60913 3.49741
1.00000 0.52819 4.61997 3.49640
1.00000 0.52819 4.63082 3.49538
1.00000 0.52819 4.64166 3.49409
1.00000 0.52818 4.65251 3.49261
1.00000 0.52818 4.66335 3.49157
1.00000 0.52818 4.67420 3.48969
1.00000 0.52818 4.68504 3.48835
1.00000 0.52818 4.69589 3.48632
1.00000 0.52817 4.70673 3.48444
1.00000 0.52817 4.71758 3.48250
1.00000 0.52817 4.72842 3.48065
1.00000 0.52817 4.73927 3.47806
1.00000 0.52817 4.75011 3.47536
1.00000 0.52817 4.76096 3.47307
1.00000 0.52816 4.77180 3.46997
1.00000 0.52816 4.78264 3.46715
1.00000 0.52816 4.79349 3.46414
1.00000 0.52816 4.80433 3.46031
1.00000 0.52816 4.81518 3.45682
1.00000 0.52815 4.82602 3.45225
1.00000 0.52815 4.83687 3.44819
1.00000 0.52815 4.84771 3.44309
1.00000 0.52815 4.85856 3.43775
1.00000 0.52814 4.86940 3.43211
1.00000 0.52814 4.88025 3.42632
1.00000 0.52814 4.89109 3.41972
1.00000 0.52814 4.90194 3.41259
1.00000 0.52814 4.91278 3.40462
1.00000 0.52814 4.92363 3.39622
1.00000 0.52813 4.93447 3.38669
1.00000 0.52813 4.94350 3.37795
1.00000 0.52813 4.95195 3.36921
1.00000 0.52813 4.95921 3.36047
1.00000 0.52813 4.96666 3.35173
1.00000 0.52813 4.97329 3.34299
1.00000 0.52812 4.97947 3.33425
1.00000 0.52812 4.98514 3.32551
1.00000 0.52812 4.99029 3.31677
1.00000 0.52812 4.99535 3.30802
1.00000 0.52812 5.00010 3.29928
1.00000 0.52812 5.00463 3.29054
1.00000 0.52812 5.00878 3.28180
1.00000 0.52812 5.01237 3.27306
1.00000 0.52812 5.01594 3.26432
1.00000 0.52812 5.01822 3.25558
1.00000 0.52812 5.02129 3.24684
1.00000 0.52812 5.02417 3.23810
1.00000 0.52812 5.02686 3.22936
1.00000 0.52812 5.02947 3.22062
1.00000 0.52812 5.03208 3.21188
1.00000 0.52812 5.03430 3.20314
1.00000 0.52812 5.03643 3.19440
1.00000 0.52812 5.03811 3.18565
1.00000 0.52811 5.04032 3.17691
1.00000 0.52811 5.04204 3.16817
1.00000 0.52811 5.04357 3.15943
1.00000 0.52811 5.04500 3.15069
1.00000 0.52811 5.04697 3.14195
1.00000 0.52811 5.04824 3.13321
1.00000 0.52811 5.04932 3.12447
1.00000 0.52811 5.05049 3.11573
1.00000 0.52811 5.05154 3.10699
1.00000 0.52811 5.05255 3.09825
1.00000 0.52811 5.05348 3.08951
1.00000 0.52811 5.05420 3.08077
1.00000 0.52811 5.05512 3.07203
1.00000 0.52811 5.05561 3.06329
1.00000 0.52811 5.05619 3.05454
1.00000 0.52811 5.05681 3.04580
1.00000 0.52811 5.05737 3.03706
1.00000 0.52811 5.05784 3.02832
1.00000 0.52811 5.05831 3.01958
1.00000 0.52811 5.05855 3.01084
1.00000 0.52811 5.05879 3.00210
1.00000 0.52811 5.05900 2.99336
1.00000 0.52811 5.05893 2.98462
1.00000 0.52811 5.05918 2.97588
1.00000 0.52811 5.05925 2.96714
1.00000 0.52811 5.05931 2.95840
1.00000 0.52811 5.05941 2.94966
1.00000 0.52811 5.05907 2.92016
1.00000 0.52811 5.05855 2.89066
1.00000 0.52811 5.05747 2.86117
1.00000 0.52811 5.05605 2.83167
1.00000 0.52811 5.05440 2.80217
1.00000 0.52811 5.05247 2.77268
1.00000 0.52811 5.05036 2.74318
1.00000 0.52811 5.04801 2.71368
1.00000 0.52811 5.04537 2.68419
1.00000 0.52811 5.04261 2.65469
1.00000 0.52811 5.03965 2.62519
1.00000 0.52811 5.03664 2.59570
1.00000 0.52811 5.03354 2.56620
1.00000 0.52811 5.03043 2.53670
1.00000 0.52811 5.02727 2.50721
1.00000 0.52811 5.02422 2.47771
1.00000 0.52811 5.02130 2.44821
1.00000 0.52811 5.01847 2.41872
1.00000 0.52811 5.01690 2.38922
1.00000 0.52811 5.01460 2.35973
1.00000 0.52811 5.01246 2.33023
1.00000 0.52811 5.01029 2.30073
1.00000 0.52811 5.00615 2.27123
1.00000 0.52811 5.00200 2.24174
1.00000 0.52811 4.99808 2.21224
1.00000 0.52811 4.99434 2.18275
1.00000 0.52811 4.99073 2.15325
1.00000 0.52811 4.98702 2.12375
1.00000 0.52811 4.98337 2.09426
1.00000 0.52811 4.97964 2.06476
1.00000 0.52811 4.97586 2.03526
1.00000 0.52811 4.97198 2.00577
1.00000 0.52811 4.96805 1.97627
1.00000 0.52811 4.96405 1.94677
1.00000 0.52810 4.96001 1.91728
1.00000 0.52810 4.95594 1.88778
1.00000 0.52810 4.95182 1.85828
1.00000 0.52810 4.94764 1.82879
1.00000 0.52810 4.94409 1.79929
1.00000 0.52810 4.94087 1.76979
1.00000 0.52810 4.93714 1.74030
1.00000 0.52810 4.93328 1.71080
1.00000 0.52810 4.92933 1.68130
1.00000 0.52810 4.92528 1.65181
1.00000 0.52810 4.92113 1.62231
1.00000 0.52810 4.91693 1.59281
1.00000 0.52810 4.91260 1.56332
1.00000 0.52810 4.90828 1.53382
1.00000 0.52810 4.90391 1.50432
1.00000 0.52810 4.89951 1.47483
1.00000 0.52810 4.89505 1.44533
1.00000 0.52810 4.89055 1.41583
1.00000 0.52810 4.88601 1.38634
1.00000 0.52810 4.88143 1.35684
1.00000 0.52810 4.87681 1.32734
1.00000 0.52810 4.87216 1.29785
1.00000 0.52810 4.86746 1.26835
1.00000 0.52810 4.86272 1.23886
1.00000 0.52810 4.85791 1.20936
1.00000 0.52810 4.85307 1.17986
1.00000 0.52810 4.84820 1.15037
1.00000 0.52810 4.84330 1.12087
1.00000 0.52810 4.83837 1.09137
1.00000 0.52810 4.83341 1.06188
1.00000 0.52810 4.82843 1.03238
1.00000 0.52810 4.82341 1.00288
1.00000 0.52810 4.81835 0.97339
1.00000 0.52810 4.81326 0.94389
1.00000 0.52810 4.80814 0.91439
1.00000 0.52810 4.80297 0.88490
1.00000 0.52810 4.79778 0.85540
1.00000 0.52810 4.79254 0.82590
1.00000 0.52810 4.78726 0.79641
1.00000 0.52810 4.78195 0.76691
1.00000 0.52810 4.77660 0.73741
1.00000 0.52810 4.77120 0.70792
1.00000 0.52810 4.76577 0.67842
1.00000 0.52810 4.76028 0.64892
1.00000 0.52810 4.75472 0.61943
1.00000 0.52810 4.74913 0.58993
1.00000 0.52810 4.74353 0.56044
1.00000 0.52810 4.73789 0.53094
1.00000 0.52810 4.73222 0.50144
1.00000 0.52810 4.72652 0.47195
1.00000 0.52810 4.72079 0.44245
1.00000 0.52810 4.71503 0.41295
1.00000 0.52810 4.70924 0.38345
1.00000 0.52810 4.70342 0.35396
1.00000 0.52810 4.69757 0.32446
1.00000 0.52810 4.69170 0.29497
1.00000 0.52810 4.68579 0.26547
1.00000 0.52810 4.67985 0.23597
1.00000 0.52810 4.67388 0.20648
1.00000 0.52810 4.66785 0.17698
1.00000 0.52810 4.66181 0.14748
1.00000 0.52810 4.65575 0.11799
1.00000 0.52810 4.64966 0.08849
1.00000 0.52810 4.64357 0.05899
1.00000 0.52810 4.63746 0.02950
1.00000 0.52810 4.63135 0.00000
